$ 65 0.000005 10.20027730826997 50 5 43 5e-11
r 112 -576 192 -576 0 4
r 224 -544 224 -448 0 4
r 272 -544 272 -448 0 4
r 336 -464 336 -384 0 1.5
w 80 -576 112 -576 0
w 192 -576 224 -576 0
w 224 -544 240 -544 0
w 240 -544 272 -544 0
w 224 -576 240 -576 0
w 240 -576 336 -576 0
w 336 -480 336 -464 0
w 224 -448 240 -448 0
w 272 -448 240 -448 0
w 336 -384 240 -384 0
w 240 -448 240 -384 0
w 240 -384 80 -384 0
w 80 -432 80 -384 0
g 80 -384 80 -368 0 0
v 80 -432 80 -512 0 0 40 10 0 0 0.5
r 336 -528 336 -480 0 0.5
370 80 -512 80 -576 3 0 0
370 240 -576 240 -544 3 0 0
370 336 -576 336 -528 3 0 0
x 243 -348 244 -345 4 24 \0
x 140 -345 266 -342 4 24 Ejemplo\s2.3
v 512 -352 512 -448 0 0 40 24 0 0 0.5
g 512 -288 512 -256 0 0
r 576 -560 640 -560 0 6
r 576 -512 640 -512 0 6
r 576 -464 640 -464 0 2
r 704 -400 704 -352 0 8
r 752 -400 752 -352 0 12
w 640 -560 640 -512 0
w 640 -512 640 -464 0
w 704 -352 720 -352 0
w 752 -352 720 -352 0
w 720 -352 720 -288 0
w 720 -288 512 -288 0
x 565 -249 691 -246 4 24 Ejemplo\s2.6
370 544 -560 576 -560 3 0 0
370 544 -512 576 -512 3 0 0
370 544 -464 576 -464 3 0 0
w 544 -464 544 -512 0
w 544 -512 544 -560 0
370 512 -448 512 -496 3 0 0
w 544 -512 512 -512 0
w 512 -512 512 -496 0
w 512 -288 512 -352 0
370 704 -448 704 -400 3 0 0
370 752 -448 752 -400 3 0 0
w 704 -448 720 -448 0
w 720 -512 720 -448 0
w 752 -448 720 -448 0
370 640 -512 720 -512 3 0 0
v 352 -16 352 -128 0 0 40 24 0 0 0.5
r 416 -160 544 -160 0 1.2
r 576 -128 576 -32 0 4.8
g 352 0 352 32 0 0
370 352 -128 352 -160 3 0 0
w 352 -160 416 -160 0
w 544 -160 576 -160 0
w 576 -160 576 -128 0
w 576 -32 576 0 0
w 576 0 368 0 0
w 368 0 352 0 0
w 352 0 352 -16 0
x 398 42 538 45 4 24 Ejemplo\s2.19
p 416 -192 544 -192 3 0 0 10000000
w 544 -192 544 -160 0
w 416 -192 416 -160 0
w 640 -128 576 -128 0
w 640 -32 576 -32 0
p 640 -128 640 -32 3 0 0 10000000
r 160 -112 160 -224 0 10
r 160 64 160 -32 0 1000
r 80 64 80 -32 0 4
r 80 -112 80 -224 0 40
j 128 -64 160 -64 32 -4 0.00125
w 160 -112 160 -80 0
w 160 -48 160 -32 0
R 128 -224 128 -256 0 0 40 24 0 0 0.5
w 80 -224 128 -224 0
w 128 -224 160 -224 0
g 128 64 128 80 0 0
w 160 64 128 64 0
w 128 64 80 64 0
w 128 -64 80 -64 0
w 80 -32 80 -64 0
w 80 -64 80 -112 0
