$ 1 0.000005 10.20027730826997 50 5 43 5e-11
r 880 624 880 480 0 40
r 880 736 880 864 0 4
w 880 624 784 624 0
w 880 480 784 480 0
w 880 480 880 448 0
w 880 448 1008 448 0
r 1152 496 1152 576 0 10
r 1152 736 1152 864 0 1000
w 880 864 1024 944 0
w 1152 864 1024 944 0
w 1152 864 1216 864 0
w 1152 736 1216 736 0
w 880 864 784 864 0
w 880 736 784 736 0
p 784 480 784 624 3 0 0 10000000
p 784 736 784 864 3 0 0 10000000
400 1088 656 1152 656 1 0\s1\s-22.71531122830349\s0.48043814418459174\s100\sdefault 0\s1\s-23.195749372488084\s0.599808338400512\s100\sdefault 1
w 880 656 1088 656 0
w 1152 736 1152 672 0
w 1152 672 1216 672 0
w 1152 640 1216 640 0
w 880 656 880 736 0
w 880 624 880 656 0
w 1088 656 1072 608 0
w 1152 576 1152 640 0
w 1152 576 1120 560 0
w 1088 656 1072 704 0
w 1152 736 1104 752 0
p 1120 560 1072 608 3 0 0 10000000
p 1072 704 1104 752 3 0 0 10000000
p 1216 736 1216 864 3 0 0 10000000
p 1216 640 1216 672 3 0 0 10000000
w 1024 944 736 944 0
v 1008 400 1008 448 0 0 40 25 0 0 0.5
w 1008 400 736 400 0
w 736 400 736 944 0
g 1024 944 1024 976 0 0
w 1008 448 1152 448 0
370 1152 448 1152 496 3 0 0
