$ 1 0.000005 10.20027730826997 63 10 62 5e-11
v 16 288 16 128 0 0 40 5 0 0 0.5
r 144 208 144 80 0 1000
w 16 128 16 64 0
w 16 64 144 64 0
w 144 64 144 80 0
w 16 288 16 352 0
w 16 352 144 352 0
w 144 224 224 224 0
w 144 352 224 352 0
w 144 256 144 224 0
w 144 224 144 208 0
r 144 256 144 352 0 1000
x 13 396 195 399 4 24 Divisor\sde\svoltaje
w 352 160 352 96 0
w 512 96 512 160 0
w 512 160 512 352 0
x 335 397 541 400 4 24 Divisor\sde\scorriente
p 96 96 96 192 3 0 0 10000000
w 144 224 96 192 0
w 96 96 144 80 0
p 96 256 96 336 3 0 0 10000000
w 144 352 96 336 0
w 96 256 144 256 0
w 352 352 352 160 0
370 352 96 400 96 3 0 0
370 352 160 400 160 3 0 0
370 464 96 512 96 3 0 0
370 464 160 512 160 3 0 0
r 400 96 464 96 0 1000
r 400 160 464 160 0 1000
v 512 352 352 352 0 0 40 5 0 0 0.5
