$ 1 0.000005 10.20027730826997 50 5 43 5e-11
r 528 112 592 224 0 3000
r 592 224 464 224 0 6000
r 528 112 464 224 0 9000
r 528 112 368 112 0 1000
w 464 224 368 224 0
g 368 224 368 240 0 0
r 256 224 256 112 0 24000
w 368 112 256 112 0
r 256 112 160 112 0 4000
r 160 112 160 224 0 8000
r 160 224 256 224 0 12000
w 480 128 528 112 0
w 448 192 464 224 0
p 480 128 448 192 3 0 0 10000000
v 368 224 368 160 0 0 40 5 0 0 0.5
370 368 160 368 112 3 0 0
370 304 224 368 224 3 0 0
r 256 224 304 224 0 12000
r 224 336 224 400 0 24000
r 288 336 288 400 0 24000
r 256 400 256 464 0 12000
w 288 400 256 400 0
w 224 400 256 400 0
w 384 400 416 400 0
w 448 400 416 400 0
r 416 336 416 400 0 12000
r 448 400 448 464 0 9000
r 384 400 384 464 0 9000
w 224 336 288 336 0
w 384 464 448 464 0
370 256 464 336 464 3 0 0
370 384 464 336 464 3 0 0
370 336 400 336 336 3 0 0
v 336 464 336 400 0 0 40 72 0 0 0.5
370 336 336 416 336 3 0 0
370 336 336 288 336 3 0 0
p 400 416 400 448 3 0 0 10000000
w 384 400 400 416 0
w 384 464 400 448 0
x 197 264 337 267 4 24 Ejemplo\s2.26
x 269 507 409 510 4 24 Ejemplo\s2.27
r 656 336 752 336 0 4
v 608 336 688 240 0 0 40 5 0 0 0.5
r 688 240 752 336 0 10
p 704 224 768 320 3 0 0 10000000
w 704 224 688 240 0
w 768 320 752 336 0
r 608 336 688 432 0 5
370 656 336 608 336 3 0 0
370 688 432 704 400 3 0 0
v 704 400 752 336 0 0 40 8 0 0 0.5
v 512 416 512 272 0 0 40 20 0 0 0.5
w 512 272 688 240 0
w 512 416 688 432 0
g 512 416 512 432 0 0
w 656 256 688 240 0
w 592 320 608 336 0
p 592 320 656 256 3 0 0 10000000
v 560 576 560 480 0 0 40 20 0 0 0.5
w 560 480 688 480 0
w 560 576 688 576 0
r 672 528 704 528 0 4
370 672 528 656 528 3 0 0
w 704 528 720 528 0
w 656 528 640 528 0
w 720 528 736 528 0
r 688 480 736 528 0 10
v 640 528 688 480 0 0 40 5 0 0 0.5
r 640 528 688 576 0 5
370 688 576 704 560 3 0 0
v 704 560 720 544 0 0 40 8 0 0 0.5
w 720 544 736 528 0
g 560 576 560 592 0 0
x 610 659 762 662 4 24 Ejemplos\s2.29
