$ 1 0.000005 10.20027730826997 63 10 62 5e-11
r -1504 -1792 -1504 -1712 0 1000
r -1584 -1680 -1584 -1600 0 1000
r -1440 -1680 -1440 -1600 0 1000
r -1296 -1760 -1296 -1632 0 1000
w -1584 -1680 -1504 -1680 0
w -1504 -1712 -1504 -1680 0
w -1504 -1680 -1440 -1680 0
w -1440 -1600 -1504 -1600 0
w -1584 -1600 -1504 -1600 0
w -1504 -1600 -1504 -1568 0
w -1504 -1568 -1680 -1568 0
w -1296 -1632 -1296 -1568 0
w -1296 -1568 -1504 -1568 0
w -1680 -1776 -1680 -1792 0
w -1504 -1792 -1296 -1792 0
g -1680 -1568 -1680 -1552 0 0
v -1680 -1632 -1680 -1776 0 0 40 5 0 0 0.5
w -1680 -1568 -1680 -1632 0
370 -1680 -1792 -1504 -1792 3 0 0
370 -1296 -1792 -1296 -1760 3 0 0
p -1504 -1680 -1504 -1600 3 0 0 10000000
x -1605 -1526 -1469 -1523 4 24 Red\sen\sserie
x -1101 -1527 -703 -1524 4 24 Red\sen\sserie\s(Resistencias\ssumadas)
v -1136 -1584 -1136 -1792 0 0 40 5 0 0 0.5
g -1136 -1584 -1136 -1536 0 0
r -912 -1664 -912 -1600 0 2000
r -720 -1680 -720 -1600 0 2000
w -720 -1584 -720 -1600 0
w -912 -1600 -912 -1584 0
w -720 -1584 -912 -1584 0
370 -1136 -1792 -1008 -1792 3 0 0
370 -720 -1792 -720 -1680 3 0 0
w -912 -1584 -1136 -1584 0
p -912 -1776 -912 -1664 3 0 0 10000000
w -1008 -1792 -912 -1792 0
w -912 -1792 -912 -1776 0
w -912 -1792 -720 -1792 0
